         363
           1           1
           2           1
           3           1
           4           1
           5           1
           6           1
           7           1
           8           1
           9           1
          10           1
          11           1
          12           1
          13           1
          14           1
          15           1
          16           1
          17           1
          18           1
          19           1
          20           1
          21           1
          22           1
          23           1
          24           1
          25           1
          26           1
          27           1
          28           1
          29           1
          30           1
          31           1
          32           1
          33           1
          34           1
          35           1
          36           1
          37           1
          38           1
          39           1
          40           1
          41           1
          42           1
          43           1
          44           1
          45           1
          46           1
          47           1
          48           1
          49           1
          50           1
          51           1
          52           1
          53           1
          54           1
          55           1
          56           1
          57           1
          58           1
          59           1
          60           1
          61           1
          62           1
          63           1
          64           1
          65           1
          66           1
          67           1
          68           1
          69           1
          70           1
          71           1
          72           1
          73           1
          74           1
          75           1
          76           1
          77           1
          78           1
          79           1
          80           1
          81           1
          82           1
          83           1
          84           1
          85           1
          86           1
          87           1
          88           1
          89           1
          90           1
          91           1
          92           1
          93           1
          94           1
          95           1
          96           1
          97           1
          98           1
          99           1
         100           1
         101           1
         102           1
         103           1
         104           1
         105           1
         106           1
         107           1
         108           1
         109           1
         110           1
         111           1
         112           1
         113           1
         114           1
         115           1
         116           1
         117           1
         118           1
         119           1
         120           1
         121           1
         122           1
         123           1
         124           1
         125           1
         126           1
         127           1
         128           1
         129           1
         130           1
         131           1
         132           1
         133           1
         134           1
         135           1
         136           1
         137           1
         138           1
         139           1
         140           1
         141           1
         142           1
         143           1
         144           1
         145           1
         146           1
         147           1
         148           1
         149           1
         150           1
         151           1
         152           1
         153           1
         154           1
         155           1
         156           1
         157           1
         158           1
         159           1
         160           1
         161           1
         162           1
         163           1
         164           1
         165           1
         166           1
         167           1
         168           1
         169           1
         170           1
         171           1
         172           1
         173           1
         174           1
         175           1
         176           1
         177           1
         178           1
         179           1
         180           1
         181           1
         182           1
         183           1
         184           1
         185           1
         186           1
         187           1
         188           1
         189           1
         190           1
         191           1
         192           1
         193           1
         194           1
         195           1
         196           1
         197           1
         198           1
         199           1
         200           1
         201           1
         202           1
         203           1
         204           1
         205           1
         206           1
         207           1
         208           1
         209           1
         210           1
         211           1
         212           1
         213           1
         214           1
         215           1
         216           1
         217           1
         218           1
         219           1
         220           1
         221           1
         222           1
         223           1
         224           1
         225           1
         226           1
         227           1
         228           1
         229           1
         230           1
         231           1
         232           1
         233           1
         234           1
         235           1
         236           1
         237           1
         238           1
         239           1
         240           1
         241           1
         242           1
         243           1
         244           1
         245           1
         246           1
         247           1
         248           1
         249           1
         250           1
         251           1
         252           1
         253           1
         254           1
         255           1
         256           1
         257           1
         258           1
         259           1
         260           1
         261           1
         262           1
         263           1
         264           1
         265           1
         266           1
         267           1
         268           1
         269           1
         270           1
         271           1
         272           1
         273           1
         274           1
         275           1
         276           1
         277           1
         278           1
         279           1
         280           1
         281           1
         282           1
         283           1
         284           1
         285           1
         286           1
         287           1
         288           1
         289           1
         290           1
         291           1
         292           1
         293           1
         294           1
         295           1
         296           1
         297           1
         298           1
         299           1
         300           1
         301           1
         302           1
         303           1
         304           1
         305           1
         306           1
         307           1
         308           1
         309           1
         310           1
         311           1
         312           1
         313           1
         314           1
         315           1
         316           1
         317           1
         318           1
         319           1
         320           1
         321           1
         322           1
         323           1
         324           1
         325           1
         326           1
         327           1
         328           1
         329           1
         330           1
         331           1
         332           1
         333           1
         334           1
         335           1
         336           1
         337           1
         338           1
         339           1
         340           1
         341           1
         342           1
         343           1
         344           1
         345           1
         346           1
         347           1
         348           1
         349           1
         350           1
         351           1
         352           1
         353           1
         354           1
         355           1
         356           1
         357           1
         358           1
         359           1
         360           1
         361           1
         362           1
         363           1
          81
           1           1          27           1         122         243
          12         133         254          23         144         265
           2         123         244          13         134         255
          24         145         266           3         124         245
          14         135         256          25         146         267
           1           2          27          12         133         254
          23         144         265          34         155         276
          13         134         255          24         145         266
          35         156         277          14         135         256
          25         146         267          36         157         278
           1           3          27          23         144         265
          34         155         276          45         166         287
          24         145         266          35         156         277
          46         167         288          25         146         267
          36         157         278          47         168         289
           1           4          27          34         155         276
          45         166         287          56         177         298
          35         156         277          46         167         288
          57         178         299          36         157         278
          47         168         289          58         179         300
           1           5          27          45         166         287
          56         177         298          67         188         309
          46         167         288          57         178         299
          68         189         310          47         168         289
          58         179         300          69         190         311
           1           6          27          56         177         298
          67         188         309          78         199         320
          57         178         299          68         189         310
          79         200         321          58         179         300
          69         190         311          80         201         322
           1           7          27          67         188         309
          78         199         320          89         210         331
          68         189         310          79         200         321
          90         211         332          69         190         311
          80         201         322          91         212         333
           1           8          27          78         199         320
          89         210         331         100         221         342
          79         200         321          90         211         332
         101         222         343          80         201         322
          91         212         333         102         223         344
           1           9          27          89         210         331
         100         221         342         111         232         353
          90         211         332         101         222         343
         112         233         354          91         212         333
         102         223         344         113         234         355
           1          10          27           2         123         244
          13         134         255          24         145         266
           3         124         245          14         135         256
          25         146         267           4         125         246
          15         136         257          26         147         268
           1          11          27          13         134         255
          24         145         266          35         156         277
          14         135         256          25         146         267
          36         157         278          15         136         257
          26         147         268          37         158         279
           1          12          27          24         145         266
          35         156         277          46         167         288
          25         146         267          36         157         278
          47         168         289          26         147         268
          37         158         279          48         169         290
           1          13          27          35         156         277
          46         167         288          57         178         299
          36         157         278          47         168         289
          58         179         300          37         158         279
          48         169         290          59         180         301
           1          14          27          46         167         288
          57         178         299          68         189         310
          47         168         289          58         179         300
          69         190         311          48         169         290
          59         180         301          70         191         312
           1          15          27          57         178         299
          68         189         310          79         200         321
          58         179         300          69         190         311
          80         201         322          59         180         301
          70         191         312          81         202         323
           1          16          27          68         189         310
          79         200         321          90         211         332
          69         190         311          80         201         322
          91         212         333          70         191         312
          81         202         323          92         213         334
           1          17          27          79         200         321
          90         211         332         101         222         343
          80         201         322          91         212         333
         102         223         344          81         202         323
          92         213         334         103         224         345
           1          18          27          90         211         332
         101         222         343         112         233         354
          91         212         333         102         223         344
         113         234         355          92         213         334
         103         224         345         114         235         356
           1          19          27           3         124         245
          14         135         256          25         146         267
           4         125         246          15         136         257
          26         147         268           5         126         247
          16         137         258          27         148         269
           1          20          27          14         135         256
          25         146         267          36         157         278
          15         136         257          26         147         268
          37         158         279          16         137         258
          27         148         269          38         159         280
           1          21          27          25         146         267
          36         157         278          47         168         289
          26         147         268          37         158         279
          48         169         290          27         148         269
          38         159         280          49         170         291
           1          22          27          36         157         278
          47         168         289          58         179         300
          37         158         279          48         169         290
          59         180         301          38         159         280
          49         170         291          60         181         302
           1          23          27          47         168         289
          58         179         300          69         190         311
          48         169         290          59         180         301
          70         191         312          49         170         291
          60         181         302          71         192         313
           1          24          27          58         179         300
          69         190         311          80         201         322
          59         180         301          70         191         312
          81         202         323          60         181         302
          71         192         313          82         203         324
           1          25          27          69         190         311
          80         201         322          91         212         333
          70         191         312          81         202         323
          92         213         334          71         192         313
          82         203         324          93         214         335
           1          26          27          80         201         322
          91         212         333         102         223         344
          81         202         323          92         213         334
         103         224         345          82         203         324
          93         214         335         104         225         346
           1          27          27          91         212         333
         102         223         344         113         234         355
          92         213         334         103         224         345
         114         235         356          93         214         335
         104         225         346         115         236         357
           1          28          27           4         125         246
          15         136         257          26         147         268
           5         126         247          16         137         258
          27         148         269           6         127         248
          17         138         259          28         149         270
           1          29          27          15         136         257
          26         147         268          37         158         279
          16         137         258          27         148         269
          38         159         280          17         138         259
          28         149         270          39         160         281
           1          30          27          26         147         268
          37         158         279          48         169         290
          27         148         269          38         159         280
          49         170         291          28         149         270
          39         160         281          50         171         292
           1          31          27          37         158         279
          48         169         290          59         180         301
          38         159         280          49         170         291
          60         181         302          39         160         281
          50         171         292          61         182         303
           1          32          27          48         169         290
          59         180         301          70         191         312
          49         170         291          60         181         302
          71         192         313          50         171         292
          61         182         303          72         193         314
           1          33          27          59         180         301
          70         191         312          81         202         323
          60         181         302          71         192         313
          82         203         324          61         182         303
          72         193         314          83         204         325
           1          34          27          70         191         312
          81         202         323          92         213         334
          71         192         313          82         203         324
          93         214         335          72         193         314
          83         204         325          94         215         336
           1          35          27          81         202         323
          92         213         334         103         224         345
          82         203         324          93         214         335
         104         225         346          83         204         325
          94         215         336         105         226         347
           1          36          27          92         213         334
         103         224         345         114         235         356
          93         214         335         104         225         346
         115         236         357          94         215         336
         105         226         347         116         237         358
           1          37          27           5         126         247
          16         137         258          27         148         269
           6         127         248          17         138         259
          28         149         270           7         128         249
          18         139         260          29         150         271
           1          38          27          16         137         258
          27         148         269          38         159         280
          17         138         259          28         149         270
          39         160         281          18         139         260
          29         150         271          40         161         282
           1          39          27          27         148         269
          38         159         280          49         170         291
          28         149         270          39         160         281
          50         171         292          29         150         271
          40         161         282          51         172         293
           1          40          27          38         159         280
          49         170         291          60         181         302
          39         160         281          50         171         292
          61         182         303          40         161         282
          51         172         293          62         183         304
           1          41          27          49         170         291
          60         181         302          71         192         313
          50         171         292          61         182         303
          72         193         314          51         172         293
          62         183         304          73         194         315
           1          42          27          60         181         302
          71         192         313          82         203         324
          61         182         303          72         193         314
          83         204         325          62         183         304
          73         194         315          84         205         326
           1          43          27          71         192         313
          82         203         324          93         214         335
          72         193         314          83         204         325
          94         215         336          73         194         315
          84         205         326          95         216         337
           1          44          27          82         203         324
          93         214         335         104         225         346
          83         204         325          94         215         336
         105         226         347          84         205         326
          95         216         337         106         227         348
           1          45          27          93         214         335
         104         225         346         115         236         357
          94         215         336         105         226         347
         116         237         358          95         216         337
         106         227         348         117         238         359
           1          46          27           6         127         248
          17         138         259          28         149         270
           7         128         249          18         139         260
          29         150         271           8         129         250
          19         140         261          30         151         272
           1          47          27          17         138         259
          28         149         270          39         160         281
          18         139         260          29         150         271
          40         161         282          19         140         261
          30         151         272          41         162         283
           1          48          27          28         149         270
          39         160         281          50         171         292
          29         150         271          40         161         282
          51         172         293          30         151         272
          41         162         283          52         173         294
           1          49          27          39         160         281
          50         171         292          61         182         303
          40         161         282          51         172         293
          62         183         304          41         162         283
          52         173         294          63         184         305
           1          50          27          50         171         292
          61         182         303          72         193         314
          51         172         293          62         183         304
          73         194         315          52         173         294
          63         184         305          74         195         316
           1          51          27          61         182         303
          72         193         314          83         204         325
          62         183         304          73         194         315
          84         205         326          63         184         305
          74         195         316          85         206         327
           1          52          27          72         193         314
          83         204         325          94         215         336
          73         194         315          84         205         326
          95         216         337          74         195         316
          85         206         327          96         217         338
           1          53          27          83         204         325
          94         215         336         105         226         347
          84         205         326          95         216         337
         106         227         348          85         206         327
          96         217         338         107         228         349
           1          54          27          94         215         336
         105         226         347         116         237         358
          95         216         337         106         227         348
         117         238         359          96         217         338
         107         228         349         118         239         360
           1          55          27           7         128         249
          18         139         260          29         150         271
           8         129         250          19         140         261
          30         151         272           9         130         251
          20         141         262          31         152         273
           1          56          27          18         139         260
          29         150         271          40         161         282
          19         140         261          30         151         272
          41         162         283          20         141         262
          31         152         273          42         163         284
           1          57          27          29         150         271
          40         161         282          51         172         293
          30         151         272          41         162         283
          52         173         294          31         152         273
          42         163         284          53         174         295
           1          58          27          40         161         282
          51         172         293          62         183         304
          41         162         283          52         173         294
          63         184         305          42         163         284
          53         174         295          64         185         306
           1          59          27          51         172         293
          62         183         304          73         194         315
          52         173         294          63         184         305
          74         195         316          53         174         295
          64         185         306          75         196         317
           1          60          27          62         183         304
          73         194         315          84         205         326
          63         184         305          74         195         316
          85         206         327          64         185         306
          75         196         317          86         207         328
           1          61          27          73         194         315
          84         205         326          95         216         337
          74         195         316          85         206         327
          96         217         338          75         196         317
          86         207         328          97         218         339
           1          62          27          84         205         326
          95         216         337         106         227         348
          85         206         327          96         217         338
         107         228         349          86         207         328
          97         218         339         108         229         350
           1          63          27          95         216         337
         106         227         348         117         238         359
          96         217         338         107         228         349
         118         239         360          97         218         339
         108         229         350         119         240         361
           1          64          27           8         129         250
          19         140         261          30         151         272
           9         130         251          20         141         262
          31         152         273          10         131         252
          21         142         263          32         153         274
           1          65          27          19         140         261
          30         151         272          41         162         283
          20         141         262          31         152         273
          42         163         284          21         142         263
          32         153         274          43         164         285
           1          66          27          30         151         272
          41         162         283          52         173         294
          31         152         273          42         163         284
          53         174         295          32         153         274
          43         164         285          54         175         296
           1          67          27          41         162         283
          52         173         294          63         184         305
          42         163         284          53         174         295
          64         185         306          43         164         285
          54         175         296          65         186         307
           1          68          27          52         173         294
          63         184         305          74         195         316
          53         174         295          64         185         306
          75         196         317          54         175         296
          65         186         307          76         197         318
           1          69          27          63         184         305
          74         195         316          85         206         327
          64         185         306          75         196         317
          86         207         328          65         186         307
          76         197         318          87         208         329
           1          70          27          74         195         316
          85         206         327          96         217         338
          75         196         317          86         207         328
          97         218         339          76         197         318
          87         208         329          98         219         340
           1          71          27          85         206         327
          96         217         338         107         228         349
          86         207         328          97         218         339
         108         229         350          87         208         329
          98         219         340         109         230         351
           1          72          27          96         217         338
         107         228         349         118         239         360
          97         218         339         108         229         350
         119         240         361          98         219         340
         109         230         351         120         241         362
           1          73          27           9         130         251
          20         141         262          31         152         273
          10         131         252          21         142         263
          32         153         274          11         132         253
          22         143         264          33         154         275
           1          74          27          20         141         262
          31         152         273          42         163         284
          21         142         263          32         153         274
          43         164         285          22         143         264
          33         154         275          44         165         286
           1          75          27          31         152         273
          42         163         284          53         174         295
          32         153         274          43         164         285
          54         175         296          33         154         275
          44         165         286          55         176         297
           1          76          27          42         163         284
          53         174         295          64         185         306
          43         164         285          54         175         296
          65         186         307          44         165         286
          55         176         297          66         187         308
           1          77          27          53         174         295
          64         185         306          75         196         317
          54         175         296          65         186         307
          76         197         318          55         176         297
          66         187         308          77         198         319
           1          78          27          64         185         306
          75         196         317          86         207         328
          65         186         307          76         197         318
          87         208         329          66         187         308
          77         198         319          88         209         330
           1          79          27          75         196         317
          86         207         328          97         218         339
          76         197         318          87         208         329
          98         219         340          77         198         319
          88         209         330          99         220         341
           1          80          27          86         207         328
          97         218         339         108         229         350
          87         208         329          98         219         340
         109         230         351          88         209         330
          99         220         341         110         231         352
           1          81          27          97         218         339
         108         229         350         119         240         361
          98         219         340         109         230         351
         120         241         362          99         220         341
         110         231         352         121         242         363
         161
           1          81           1           1           1           2
           1           3           1           4           1           5
           1           6           1           7           1           8
           1           9           1          10           1          11
           1          12           1          13           1          14
           1          15           1          16           1          17
           1          18           1          19           1          20
           1          21           1          22           1          23
           1          24           1          25           1          26
           1          27           1          28           1          29
           1          30           1          31           1          32
           1          33           1          34           1          35
           1          36           1          37           1          38
           1          39           1          40           1          41
           1          42           1          43           1          44
           1          45           1          46           1          47
           1          48           1          49           1          50
           1          51           1          52           1          53
           1          54           1          55           1          56
           1          57           1          58           1          59
           1          60           1          61           1          62
           1          63           1          64           1          65
           1          66           1          67           1          68
           1          69           1          70           1          71
           1          72           1          73           1          74
           1          75           1          76           1          77
           1          78           1          79           1          80
           1          81           2           3
           2          40           1           1           1           2
           1           3           1           4           1           5
           1           6           1           7           1           8
           1           9           1          10           1          11
           1          12           1          13           1          14
           1          15           1          16           1          17
           1          18           1          19           1          20
           1          21           1          22           1          23
           1          24           1          25           1          26
           1          27           1          28           1          29
           1          30           1          31           1          32
           1          33           1          34           1          35
           1          36           1          37           1          38
           1          39           1          40           4           5
           4          20           1           1           1           2
           1           3           1           4           1           5
           1           6           1           7           1           8
           1           9           1          10           1          11
           1          12           1          13           1          14
           1          15           1          16           1          17
           1          18           1          19           1          20
           6           7
           6          10           1           1           1           2
           1           3           1           4           1           5
           1           6           1           7           1           8
           1           9           1          10           8           9
           8           5           1           1           1           2
           1           3           1           4           1           5
          10          11
          10           2           1           1           1           2
          12          13
          12           1           1           1
          13           1           1           2
          11           3           1           3           1           4
           1           5          14          15
          14           1           1           3
          15           2           1           4           1           5
          16          17
          16           1           1           4
          17           1           1           5
           9           5           1           6           1           7
           1           8           1           9           1          10
          18          19
          18           2           1           6           1           7
          20          21
          20           1           1           6
          21           1           1           7
          19           3           1           8           1           9
           1          10          22          23
          22           2           1           8           1           9
          24          25
          24           1           1           8
          25           1           1           9
          23           1           1          10
           7          10           1          11           1          12
           1          13           1          14           1          15
           1          16           1          17           1          18
           1          19           1          20          26          27
          26           5           1          11           1          12
           1          13           1          14           1          15
          28          29
          28           2           1          11           1          12
          30          31
          30           1           1          11
          31           1           1          12
          29           3           1          13           1          14
           1          15          32          33
          32           2           1          13           1          14
          34          35
          34           1           1          13
          35           1           1          14
          33           1           1          15
          27           5           1          16           1          17
           1          18           1          19           1          20
          36          37
          36           2           1          16           1          17
          38          39
          38           1           1          16
          39           1           1          17
          37           3           1          18           1          19
           1          20          40          41
          40           2           1          18           1          19
          42          43
          42           1           1          18
          43           1           1          19
          41           1           1          20
           5          20           1          21           1          22
           1          23           1          24           1          25
           1          26           1          27           1          28
           1          29           1          30           1          31
           1          32           1          33           1          34
           1          35           1          36           1          37
           1          38           1          39           1          40
          44          45
          44          10           1          21           1          22
           1          23           1          24           1          25
           1          26           1          27           1          28
           1          29           1          30          46          47
          46           5           1          21           1          22
           1          23           1          24           1          25
          48          49
          48           2           1          21           1          22
          50          51
          50           1           1          21
          51           1           1          22
          49           3           1          23           1          24
           1          25          52          53
          52           2           1          23           1          24
          54          55
          54           1           1          23
          55           1           1          24
          53           1           1          25
          47           5           1          26           1          27
           1          28           1          29           1          30
          56          57
          56           2           1          26           1          27
          58          59
          58           1           1          26
          59           1           1          27
          57           3           1          28           1          29
           1          30          60          61
          60           1           1          28
          61           2           1          29           1          30
          62          63
          62           1           1          29
          63           1           1          30
          45          10           1          31           1          32
           1          33           1          34           1          35
           1          36           1          37           1          38
           1          39           1          40          64          65
          64           5           1          31           1          32
           1          33           1          34           1          35
          66          67
          66           2           1          31           1          32
          68          69
          68           1           1          31
          69           1           1          32
          67           3           1          33           1          34
           1          35          70          71
          70           2           1          33           1          34
          72          73
          72           1           1          33
          73           1           1          34
          71           1           1          35
          65           5           1          36           1          37
           1          38           1          39           1          40
          74          75
          74           2           1          36           1          37
          76          77
          76           1           1          36
          77           1           1          37
          75           3           1          38           1          39
           1          40          78          79
          78           1           1          38
          79           2           1          39           1          40
          80          81
          80           1           1          39
          81           1           1          40
           3          41           1          41           1          42
           1          43           1          44           1          45
           1          46           1          47           1          48
           1          49           1          50           1          51
           1          52           1          53           1          54
           1          55           1          56           1          57
           1          58           1          59           1          60
           1          61           1          62           1          63
           1          64           1          65           1          66
           1          67           1          68           1          69
           1          70           1          71           1          72
           1          73           1          74           1          75
           1          76           1          77           1          78
           1          79           1          80           1          81
          82          83
          82          20           1          41           1          42
           1          43           1          44           1          45
           1          46           1          47           1          48
           1          49           1          50           1          51
           1          52           1          53           1          54
           1          55           1          56           1          57
           1          58           1          59           1          60
          84          85
          84          10           1          41           1          42
           1          43           1          44           1          45
           1          46           1          47           1          48
           1          49           1          50          86          87
          86           5           1          41           1          42
           1          43           1          44           1          45
          88          89
          88           2           1          41           1          42
          90          91
          90           1           1          41
          91           1           1          42
          89           3           1          43           1          44
           1          45          92          93
          92           1           1          43
          93           2           1          44           1          45
          94          95
          94           1           1          44
          95           1           1          45
          87           5           1          46           1          47
           1          48           1          49           1          50
          96          97
          96           2           1          46           1          47
          98          99
          98           1           1          46
          99           1           1          47
          97           3           1          48           1          49
           1          50         100         101
         100           2           1          48           1          49
         102         103
         102           1           1          48
         103           1           1          49
         101           1           1          50
          85          10           1          51           1          52
           1          53           1          54           1          55
           1          56           1          57           1          58
           1          59           1          60         104         105
         104           5           1          51           1          52
           1          53           1          54           1          55
         106         107
         106           2           1          51           1          52
         108         109
         108           1           1          51
         109           1           1          52
         107           3           1          53           1          54
           1          55         110         111
         110           2           1          53           1          54
         112         113
         112           1           1          53
         113           1           1          54
         111           1           1          55
         105           5           1          56           1          57
           1          58           1          59           1          60
         114         115
         114           2           1          56           1          57
         116         117
         116           1           1          56
         117           1           1          57
         115           3           1          58           1          59
           1          60         118         119
         118           1           1          58
         119           2           1          59           1          60
         120         121
         120           1           1          59
         121           1           1          60
          83          21           1          61           1          62
           1          63           1          64           1          65
           1          66           1          67           1          68
           1          69           1          70           1          71
           1          72           1          73           1          74
           1          75           1          76           1          77
           1          78           1          79           1          80
           1          81         122         123
         122          10           1          61           1          62
           1          63           1          64           1          65
           1          66           1          67           1          68
           1          69           1          70         124         125
         124           5           1          61           1          62
           1          63           1          64           1          65
         126         127
         126           2           1          61           1          62
         128         129
         128           1           1          61
         129           1           1          62
         127           3           1          63           1          64
           1          65         130         131
         130           1           1          63
         131           2           1          64           1          65
         132         133
         132           1           1          64
         133           1           1          65
         125           5           1          66           1          67
           1          68           1          69           1          70
         134         135
         134           2           1          66           1          67
         136         137
         136           1           1          66
         137           1           1          67
         135           3           1          68           1          69
           1          70         138         139
         138           2           1          68           1          69
         140         141
         140           1           1          68
         141           1           1          69
         139           1           1          70
         123          11           1          71           1          72
           1          73           1          74           1          75
           1          76           1          77           1          78
           1          79           1          80           1          81
         142         143
         142           5           1          71           1          72
           1          73           1          74           1          75
         144         145
         144           2           1          71           1          72
         146         147
         146           1           1          71
         147           1           1          72
         145           3           1          73           1          74
           1          75         148         149
         148           1           1          73
         149           2           1          74           1          75
         150         151
         150           1           1          74
         151           1           1          75
         143           6           1          76           1          77
           1          78           1          79           1          80
           1          81         152         153
         152           3           1          76           1          77
           1          78         154         155
         154           1           1          76
         155           2           1          77           1          78
         156         157
         156           1           1          77
         157           1           1          78
         153           3           1          79           1          80
           1          81         158         159
         158           2           1          79           1          80
         160         161
         160           1           1          79
         161           1           1          80
         159           1           1          81
