16
1            1
2            1
3            1
4            1
5            1
6            1
7            1
8            1
9            1
10            1
11            1
12            1
13            1
14            1
15            1
16            1
4
1            1            9            1            2            3            5            6            7            9            10            11
1            2            9            2            3            4            6            7            8            10            11            12
1            3            9            5            6            7            9            10            11            13            14            15
1            4            9            6            7            8            10            11            12            14            15            16
7
1            4            1            1            1            2            1            3            1            4            2            3
2            2            1            1            1            2            4            5
4            1            1            1
5            1            1            2
3            2            1            3            1            4            6            7
6            1            1            3
7            1            1            4
