9
1            1
2            1
3            1
4            1
5            1
6            1
7            1
8            1
9            1
4
1            1            4            1            2           4           5
1            2            4            2            3           5           6
1            3            4            4            5           7           8
1            4            4            5            6           8           9
7
1            4            1            1            1           2           1
3            1            4            2            3
2            2            1            1            1           3           4
5
4            1            1            1
5            1            1            3
3            2            1            2            1           4           6
7
6            1            1            2
7            1            1            4
